Bench mbasis, FFT prime p = 882705526964617217, bit length = 60
rdim	cdim	order	app-rcmp	app-rupd	int-rcmp	int-rupd
2	1	2	0.00000357	0.00000317	0.00000329	0.00000320
2	1	4	0.00000647	0.00000600	0.00000593	0.00000622
2	1	8	0.00001340	0.00001306	0.00001214	0.00001377
2	1	16	0.00003192	0.00003314	0.00002826	0.00003575
2	1	32	0.00008355	0.00009378	0.00007152	0.00010242
2	1	64	0.00024833	0.00029468	0.00020531	0.00033229
2	1	128	0.00083215	0.00103476	0.00066590	0.00117577
4	1	2	0.00000575	0.00000504	0.00000537	0.00000510
4	1	4	0.00000955	0.00000883	0.00000888	0.00000908
4	1	8	0.00001850	0.00001871	0.00001711	0.00001937
4	1	16	0.00004041	0.00004589	0.00003741	0.00004838
4	1	32	0.00010100	0.00013090	0.00009292	0.00013863
4	1	64	0.00028933	0.00042543	0.00025949	0.00044994
4	1	128	0.00091700	0.00149258	0.00081907	0.00160393
4	2	2	0.00000656	0.00000565	0.00000610	0.00000574
4	2	4	0.00001201	0.00001076	0.00001162	0.00001127
4	2	8	0.00002492	0.00002355	0.00002283	0.00002504
4	2	16	0.00005916	0.00005861	0.00005288	0.00006453
4	2	32	0.00016001	0.00016771	0.00013798	0.00018904
4	2	64	0.00050013	0.00054782	0.00041612	0.00062950
4	2	128	0.00171044	0.00194829	0.00136516	0.00227037
4	3	2	0.00000763	0.00000662	0.00000718	0.00000677
4	3	4	0.00001478	0.00001257	0.00001361	0.00001330
4	3	8	0.00003210	0.00002725	0.00002872	0.00003011
4	3	16	0.00007923	0.00006596	0.00006748	0.00007707
4	3	32	0.00022267	0.00018217	0.00017869	0.00022425
4	3	64	0.00072161	0.00059570	0.00054127	0.00074017
4	3	128	0.00254655	0.00200102	0.00181538	0.00265046
8	1	2	0.00001306	0.00001151	0.00001246	0.00001158
8	1	4	0.00002142	0.00001984	0.00002051	0.00001995
8	1	8	0.00003807	0.00003848	0.00003619	0.00003907
8	1	16	0.00008019	0.00009311	0.00007683	0.00009581
8	1	32	0.00019295	0.00026157	0.00018503	0.00026787
8	1	64	0.00053560	0.00084234	0.00051277	0.00086494
8	1	128	0.00166384	0.00298248	0.00161661	0.00305536
8	2	2	0.00001408	0.00001216	0.00001338	0.00001228
8	2	4	0.00002391	0.00002202	0.00002288	0.00002190
8	2	8	0.00004740	0.00004755	0.00004437	0.00004863
8	2	16	0.00010945	0.00012235	0.00011011	0.00012760
8	2	32	0.00029070	0.00036341	0.00026561	0.00038076
8	2	64	0.00088174	0.00122980	0.00079852	0.00129448
8	2	128	0.00302121	0.00442095	0.00268368	0.00469154
8	3	2	0.00001520	0.00001279	0.00001435	0.00001288
8	3	4	0.00002829	0.00002497	0.00002647	0.00002559
8	3	8	0.00005760	0.00005485	0.00005272	0.00005731
8	3	16	0.00014044	0.00014571	0.00012556	0.00015536
8	3	32	0.00039211	0.00044223	0.00034162	0.00048267
8	3	64	0.00124810	0.00149941	0.00104736	0.00163749
8	3	128	0.00435294	0.00544106	0.00358633	0.00600379
8	4	2	0.00001612	0.00001331	0.00001505	0.00001348
8	4	4	0.00003023	0.00002613	0.00002790	0.00002685
8	4	8	0.00006558	0.00005925	0.00005844	0.00006288
8	4	16	0.00016604	0.00015778	0.00014232	0.00017180
8	4	32	0.00048340	0.00047877	0.00039169	0.00053454
8	4	64	0.00160140	0.00162961	0.00123338	0.00185948
8	4	128	0.00568182	0.00593360	0.00427747	0.00689193
8	5	2	0.00001771	0.00001463	0.00001670	0.00001510
8	5	4	0.00003454	0.00002822	0.00003124	0.00002961
8	5	8	0.00007756	0.00006387	0.00006668	0.00006949
8	5	16	0.00020005	0.00016667	0.00016153	0.00018771
8	5	32	0.00059322	0.00049402	0.00044536	0.00059160
8	5	64	0.00198828	0.00167638	0.00145799	0.00202369
8	5	128	0.00710921	0.00599274	0.00495397	0.00732276
8	6	2	0.00001827	0.00001507	0.00001740	0.00001558
8	6	4	0.00003719	0.00002912	0.00003295	0.00003076
8	6	8	0.00008602	0.00006545	0.00007139	0.00007242
8	6	16	0.00022733	0.00016405	0.00017207	0.00019319
8	6	32	0.00068738	0.00047638	0.00047646	0.00059814
8	6	64	0.00235089	0.00160363	0.00150604	0.00201400
8	6	128	0.00848497	0.00552483	0.00529796	0.00734240
8	7	2	0.00001861	0.00001515	0.00001736	0.00001553
8	7	4	0.00003898	0.00002953	0.00003425	0.00003173
8	7	8	0.00009498	0.00006392	0.00007595	0.00007382
8	7	16	0.00025507	0.00015424	0.00018123	0.00019326
8	7	32	0.00078622	0.00042547	0.00050148	0.00058249
8	7	64	0.00271645	0.00132451	0.00155203	0.00193456
8	7	128	0.00991248	0.00456618	0.00546686	0.00697802
16	1	2	0.00004273	0.00003833	0.00004207	0.00003827
16	1	4	0.00007470	0.00006758	0.00007181	0.00006828
16	1	8	0.00013136	0.00013279	0.00013525	0.00013350
16	1	16	0.00024839	0.00028267	0.00024914	0.00028783
16	1	32	0.00057971	0.00076033	0.00057750	0.00077113
16	1	64	0.00153298	0.00231198	0.00151369	0.00234411
16	1	128	0.00447781	0.00778339	0.00452346	0.00774910
16	2	2	0.00004446	0.00003941	0.00004356	0.00003933
16	2	4	0.00007645	0.00007051	0.00007448	0.00007103
16	2	8	0.00013959	0.00014138	0.00014050	0.00014319
16	2	16	0.00030925	0.00035879	0.00029847	0.00036279
16	2	32	0.00078890	0.00105836	0.00076423	0.00109133
16	2	64	0.00234889	0.00352007	0.00224813	0.00356435
16	2	128	0.00755127	0.01250963	0.00730318	0.01267844
16	3	2	0.00004571	0.00003967	0.00004432	0.00003963
16	3	4	0.00007963	0.00007212	0.00007636	0.00007248
16	3	8	0.00016399	0.00016564	0.00015704	0.00016832
16	3	16	0.00037529	0.00043366	0.00035708	0.00044221
16	3	32	0.00101837	0.00133383	0.00095637	0.00136390
16	3	64	0.00318613	0.00452399	0.00291500	0.00462721
16	3	128	0.01078817	0.01658083	0.00993489	0.01695842
16	4	2	0.00004789	0.00004073	0.00004567	0.00004061
16	4	4	0.00008352	0.00007418	0.00007891	0.00007503
16	4	8	0.00017603	0.00017780	0.00016726	0.00018171
16	4	16	0.00043835	0.00049272	0.00039439	0.00049764
16	4	32	0.00122848	0.00155828	0.00109725	0.00162851
16	4	64	0.00402685	0.00544565	0.00349476	0.00553893
16	4	128	0.01381013	0.01989751	0.01216796	0.02062424
16	5	2	0.00004949	0.00004077	0.00004651	0.00004066
16	5	4	0.00009162	0.00008117	0.00008642	0.00008229
16	5	8	0.00019974	0.00019998	0.00018359	0.00019939
16	5	16	0.00050282	0.00054245	0.00044516	0.00056491
16	5	32	0.00146770	0.00174970	0.00130872	0.00182162
16	5	64	0.00480172	0.00613737	0.00405831	0.00644288
16	5	128	0.01709749	0.02297554	0.01404736	0.02418828
16	6	2	0.00005023	0.00004107	0.00004826	0.00004075
16	6	4	0.00010013	0.00008588	0.00009349	0.00008686
16	6	8	0.00022042	0.00020191	0.00019421	0.00021040
16	6	16	0.00056226	0.00057371	0.00047564	0.00059464
16	6	32	0.00166574	0.00186388	0.00137333	0.00192221
16	6	64	0.00555654	0.00652740	0.00441049	0.00694808
16	6	128	0.02007101	0.02446368	0.01565183	0.02625440
16	7	2	0.00005129	0.00004140	0.00004782	0.00004106
16	7	4	0.00010289	0.00008622	0.00009286	0.00009215
16	7	8	0.00023839	0.00021238	0.00020576	0.00022168
16	7	16	0.00062804	0.00060527	0.00051138	0.00063807
16	7	32	0.00190514	0.00195430	0.00147026	0.00208588
16	7	64	0.00644129	0.00686189	0.00477473	0.00747232
16	7	128	0.02339259	0.02574827	0.01692471	0.02803534
16	8	2	0.00005240	0.00004149	0.00004876	0.00004145
16	8	4	0.00010499	0.00008601	0.00009416	0.00008754
16	8	8	0.00024479	0.00021219	0.00020652	0.00021962
16	8	16	0.00066580	0.00060804	0.00052470	0.00064917
16	8	32	0.00208828	0.00199044	0.00152208	0.00212637
16	8	64	0.00717585	0.00701128	0.00496693	0.00772556
16	8	128	0.02641206	0.02649368	0.01776374	0.02914537
16	9	2	0.00005827	0.00004627	0.00005419	0.00004718
16	9	4	0.00011974	0.00009485	0.00010519	0.00009755
16	9	8	0.00027615	0.00022417	0.00022405	0.00023553
16	9	16	0.00075130	0.00062384	0.00056450	0.00067036
16	9	32	0.00235808	0.00202817	0.00165382	0.00224337
16	9	64	0.00819392	0.00709397	0.00533365	0.00789882
16	9	128	0.02997702	0.02645614	0.01869091	0.02969604
16	10	2	0.00005782	0.00004532	0.00005370	0.00004673
16	10	4	0.00012102	0.00009203	0.00010384	0.00009591
16	10	8	0.00029228	0.00022450	0.00022829	0.00023985
16	10	16	0.00080647	0.00062858	0.00057383	0.00067559
16	10	32	0.00256308	0.00198430	0.00167532	0.00223095
16	10	64	0.00891519	0.00694545	0.00548411	0.00788274
16	10	128	0.03304827	0.02581360	0.01912474	0.02997663
16	11	2	0.00005754	0.00004484	0.00005368	0.00004561
16	11	4	0.00012778	0.00009144	0.00010614	0.00009572
16	11	8	0.00031288	0.00022114	0.00023532	0.00024085
16	11	16	0.00087754	0.00060388	0.00058690	0.00066800
16	11	32	0.00279263	0.00191259	0.00170530	0.00220785
16	11	64	0.00981484	0.00665585	0.00553311	0.00774736
16	11	128	0.03639204	0.02465948	0.01931375	0.02905058
16	12	2	0.00005776	0.00004383	0.00005259	0.00004500
16	12	4	0.00012901	0.00008922	0.00010593	0.00009347
16	12	8	0.00032917	0.00021251	0.00023291	0.00023285
16	12	16	0.00092149	0.00057532	0.00059239	0.00065614
16	12	32	0.00298101	0.00179121	0.00170187	0.00211634
16	12	64	0.01064502	0.00612734	0.00547982	0.00743146
16	12	128	0.03979441	0.02251349	0.01922908	0.02787471
16	13	2	0.00005691	0.00004279	0.00005151	0.00004376
16	13	4	0.00013080	0.00008822	0.00010630	0.00009391
16	13	8	0.00033838	0.00020267	0.00023609	0.00022462
16	13	16	0.00098768	0.00053214	0.00058658	0.00063796
16	13	32	0.00326015	0.00166917	0.00169512	0.00202547
16	13	64	0.01141137	0.00554851	0.00537147	0.00704391
16	13	128	0.04300129	0.02008994	0.01878947	0.02623201
16	14	2	0.00005661	0.00004175	0.00005073	0.00004279
16	14	4	0.00013090	0.00008414	0.00010388	0.00008976
16	14	8	0.00035061	0.00018917	0.00023236	0.00021349
16	14	16	0.00103916	0.00048229	0.00058145	0.00058816
16	14	32	0.00344077	0.00143417	0.00165457	0.00187146
16	14	64	0.01227751	0.00472487	0.00519429	0.00642750
16	14	128	0.04618342	0.01672465	0.01804441	0.02376022
16	15	2	0.00005533	0.00004044	0.00005037	0.00004142
16	15	4	0.00012933	0.00007882	0.00010059	0.00008529
16	15	8	0.00035384	0.00017358	0.00023756	0.00020196
16	15	16	0.00110066	0.00042896	0.00057310	0.00055285
16	15	32	0.00366169	0.00118817	0.00160126	0.00169532
16	15	64	0.01309400	0.00370052	0.00495164	0.00568549
16	15	128	0.04956720	0.01273638	0.01713514	0.02074965
32	1	2	0.00019648	0.00017293	0.00019331	0.00016950
32	1	4	0.00033719	0.00031125	0.00034070	0.00031809
32	1	8	0.00062898	0.00061555	0.00063061	0.00061421
32	1	16	0.00118169	0.00126392	0.00120385	0.00128769
32	1	32	0.00234491	0.00279211	0.00236694	0.00286683
32	1	64	0.00568209	0.00786355	0.00572837	0.00784514
32	1	128	0.01536886	0.02454732	0.01565469	0.02468510
32	3	2	0.00020111	0.00017674	0.00019734	0.00017715
32	3	4	0.00035477	0.00033130	0.00034857	0.00033221
32	3	8	0.00066386	0.00068117	0.00064954	0.00067745
32	3	16	0.00148564	0.00170575	0.00145230	0.00170625
32	3	32	0.00361059	0.00481603	0.00356675	0.00486657
32	3	64	0.01012831	0.01512568	0.00987351	0.01520392
32	3	128	0.03264878	0.05335210	0.03183790	0.05420312
32	5	2	0.00019727	0.00017020	0.00018757	0.00016920
32	5	4	0.00035235	0.00032418	0.00033904	0.00032499
32	5	8	0.00072775	0.00075104	0.00069634	0.00074983
32	5	16	0.00173385	0.00201341	0.00164283	0.00203621
32	5	32	0.00471022	0.00619295	0.00438742	0.00630257
32	5	64	0.01465077	0.02141828	0.01357352	0.02155795
32	5	128	0.05021206	0.07877786	0.04634057	0.08200539
32	7	2	0.00019992	0.00017109	0.00019107	0.00017083
32	7	4	0.00036696	0.00033301	0.00034649	0.00033438
32	7	8	0.00082422	0.00082653	0.00076136	0.00083497
32	7	16	0.00205106	0.00234637	0.00185968	0.00236685
32	7	32	0.00585900	0.00760795	0.00525272	0.00768770
32	7	64	0.01914500	0.02668020	0.01675660	0.02711078
32	7	128	0.06777738	0.10022364	0.05864365	0.10159789
32	9	2	0.00020284	0.00017053	0.00019256	0.00017118
32	9	4	0.00042530	0.00037575	0.00038287	0.00036460
32	9	8	0.00090205	0.00089424	0.00081569	0.00090404
32	9	16	0.00236443	0.00261280	0.00206331	0.00265726
32	9	32	0.00712328	0.00862266	0.00604391	0.00881476
32	9	64	0.02378969	0.03104356	0.01956509	0.03188883
32	9	128	0.08615392	0.11680247	0.06929771	0.11986767
32	11	2	0.00020790	0.00017042	0.00019438	0.00017014
32	11	4	0.00045409	0.00038389	0.00041035	0.00038682
32	11	8	0.00102657	0.00096776	0.00089482	0.00098102
32	11	16	0.00275123	0.00288707	0.00228023	0.00292307
32	11	32	0.00830922	0.00946699	0.00661953	0.00973639
32	11	64	0.02821081	0.03433429	0.02203675	0.03546599
32	11	128	0.10288394	0.13013140	0.07821069	0.13428069
32	13	2	0.00022824	0.00016976	0.00020544	0.00017021
32	13	4	0.00045652	0.00038197	0.00040555	0.00038582
32	13	8	0.00110690	0.00100634	0.00093307	0.00102810
32	13	16	0.00305130	0.00300774	0.00241463	0.00308221
32	13	32	0.00949318	0.01005684	0.00711073	0.01044205
32	13	64	0.03292745	0.03679293	0.02384503	0.03805015
32	13	128	0.12076360	0.13894656	0.08506072	0.14473755
32	15	2	0.00023467	0.00016806	0.00020867	0.00016927
32	15	4	0.00047307	0.00038703	0.00040648	0.00038040
32	15	8	0.00116399	0.00101125	0.00094154	0.00103466
32	15	16	0.00342440	0.00314555	0.00259119	0.00325023
32	15	32	0.01075591	0.01051660	0.00762750	0.01091150
32	15	64	0.03753351	0.03808950	0.02518752	0.03976595
32	15	128	0.13870447	0.14487865	0.09040453	0.15162266
32	17	2	0.00025701	0.00018477	0.00021656	0.00018609
32	17	4	0.00052502	0.00040782	0.00044760	0.00041102
32	17	8	0.00132728	0.00105194	0.00102502	0.00107836
32	17	16	0.00373391	0.00317309	0.00267675	0.00330297
32	17	32	0.01190783	0.01059790	0.00784700	0.01112678
32	17	64	0.04187915	0.03865041	0.02588652	0.04099534
32	17	128	0.15736587	0.14624719	0.09321628	0.15485215
32	19	2	0.00025517	0.00018145	0.00022277	0.00018248
32	19	4	0.00052940	0.00039250	0.00043794	0.00040115
32	19	8	0.00134462	0.00101659	0.00100113	0.00105589
32	19	16	0.00394946	0.00305964	0.00264097	0.00321305
32	19	32	0.01311268	0.01043008	0.00795953	0.01107511
32	19	64	0.04689978	0.03767325	0.02645257	0.04036555
32	19	128	0.17413699	0.14273959	0.09471082	0.15462500
32	21	2	0.00025382	0.00017578	0.00021038	0.00017719
32	21	4	0.00053444	0.00037945	0.00043281	0.00038936
32	21	8	0.00142185	0.00100110	0.00101740	0.00103985
32	21	16	0.00432912	0.00301493	0.00267170	0.00316455
32	21	32	0.01446477	0.01006516	0.00799432	0.01084889
32	21	64	0.05110927	0.03603026	0.02628687	0.03939220
32	21	128	0.19282020	0.13845689	0.09531123	0.14982581
32	23	2	0.00025222	0.00016960	0.00020664	0.00017227
32	23	4	0.00057233	0.00037075	0.00043965	0.00038175
32	23	8	0.00152922	0.00096294	0.00101575	0.00100755
32	23	16	0.00472250	0.00289132	0.00275597	0.00313550
32	23	32	0.01548142	0.00939788	0.00795451	0.01027855
32	23	64	0.05562634	0.03337199	0.02581885	0.03737615
32	23	128	0.21045065	0.12522750	0.09193041	0.14101015
32	25	2	0.00024949	0.00016284	0.00020171	0.00016452
32	25	4	0.00058387	0.00035914	0.00043570	0.00036813
32	25	8	0.00160803	0.00089231	0.00102504	0.00095560
32	25	16	0.00492918	0.00261642	0.00266856	0.00286538
32	25	32	0.01657248	0.00839035	0.00760501	0.00955117
32	25	64	0.06078135	0.02923476	0.02454672	0.03409351
32	25	128	0.22791430	0.11117054	0.08701326	0.12761039
32	27	2	0.00024243	0.00015379	0.00019461	0.00015568
32	27	4	0.00057349	0.00032903	0.00042032	0.00034312
32	27	8	0.00168027	0.00080242	0.00099145	0.00087000
32	27	16	0.00521028	0.00229790	0.00253656	0.00260228
32	27	32	0.01767045	0.00711499	0.00720162	0.00848059
32	27	64	0.06554018	0.02484923	0.02315332	0.03016025
32	27	128	0.24766571	0.09084403	0.08003190	0.11127297
32	29	2	0.00023686	0.00014368	0.00019342	0.00014628
32	29	4	0.00056058	0.00029361	0.00039520	0.00031058
32	29	8	0.00172304	0.00070598	0.00094759	0.00077890
32	29	16	0.00547748	0.00191679	0.00239800	0.00226602
32	29	32	0.01891439	0.00564697	0.00663496	0.00710700
32	29	64	0.06903416	0.01873790	0.02092934	0.02465372
32	29	128	0.26548394	0.06751479	0.07172968	0.09103646
32	31	2	0.00022770	0.00013352	0.00018533	0.00014052
32	31	4	0.00056096	0.00025781	0.00038332	0.00028870
32	31	8	0.00165333	0.00056314	0.00085831	0.00065200
32	31	16	0.00565074	0.00145168	0.00218211	0.00184478
32	31	32	0.01994732	0.00389239	0.00598448	0.00557811
32	31	64	0.07428207	0.01189079	0.01815215	0.01862846
32	31	128	0.28156798	0.04074107	0.06168646	0.06723989
64	1	2	0.00095710	0.00086644	0.00094886	0.00087593
64	1	4	0.00161817	0.00155969	0.00165164	0.00154523
64	1	8	0.00299377	0.00293585	0.00299727	0.00295596
64	1	16	0.00577352	0.00588111	0.00569497	0.00594099
64	1	32	0.01131551	0.01252962	0.01114118	0.01262494
64	1	64	0.02222764	0.02862179	0.02225331	0.02889878
64	1	128	0.05432755	0.08291368	0.05495846	0.08284438
64	5	2	0.00088213	0.00079134	0.00087731	0.00078573
64	5	4	0.00161391	0.00150810	0.00167227	0.00158516
64	5	8	0.00312846	0.00321577	0.00304774	0.00323059
64	5	16	0.00675245	0.00781024	0.00669117	0.00791688
64	5	32	0.01633513	0.02249349	0.01561135	0.02239274
64	5	64	0.04439653	0.07180403	0.04366094	0.07277854
64	5	128	0.14219297	0.25663039	0.13476824	0.25555868
64	9	2	0.00104592	0.00083785	0.00097963	0.00086199
64	9	4	0.00179872	0.00159720	0.00171365	0.00163398
64	9	8	0.00351047	0.00362353	0.00333530	0.00361986
64	9	16	0.00820274	0.00999803	0.00761247	0.01003851
64	9	32	0.02212432	0.03138165	0.02012366	0.03172462
64	9	64	0.06810217	0.10921490	0.06109732	0.10970709
64	9	128	0.23334470	0.40568206	0.20625722	0.40842392
64	13	2	0.00105111	0.00084158	0.00094940	0.00080756
64	13	4	0.00188477	0.00162783	0.00177470	0.00164892
64	13	8	0.00417845	0.00422458	0.00384617	0.00420503
64	13	16	0.01032957	0.01223570	0.00903220	0.01223296
64	13	32	0.02914799	0.03967111	0.02517907	0.04097548
64	13	64	0.09301234	0.14121436	0.07700447	0.14350349
64	13	128	0.32851179	0.53419539	0.26802410	0.54483634
64	17	2	0.00108058	0.00087391	0.00101781	0.00085945
64	17	4	0.00215542	0.00187938	0.00197365	0.00182700
64	17	8	0.00469792	0.00460885	0.00409802	0.00464453
64	17	16	0.01192738	0.01369119	0.01002499	0.01379382
64	17	32	0.03541707	0.04587577	0.02842181	0.04642316
64	17	64	0.11864583	0.16862103	0.09118009	0.16894007
64	17	128	0.42686456	0.63666454	0.31943491	0.64472833
64	21	2	0.00111141	0.00086311	0.00104292	0.00086911
64	21	4	0.00219046	0.00185362	0.00200033	0.00186637
64	21	8	0.00502773	0.00482551	0.00423041	0.00481703
64	21	16	0.01360007	0.01477985	0.01076787	0.01502640
64	21	32	0.04203323	0.05067960	0.03118826	0.05164454
64	21	64	0.14484474	0.18664419	0.10335348	0.19046193
64	21	128	0.53027693	0.71819637	0.36382485	0.72962593
64	25	2	0.00114724	0.00086683	0.00106013	0.00087753
64	25	4	0.00244078	0.00196847	0.00212429	0.00196419
64	25	8	0.00574146	0.00521999	0.00462859	0.00526858
64	25	16	0.01589919	0.01593331	0.01165485	0.01621235
64	25	32	0.04961265	0.05467707	0.03399678	0.05575447
64	25	64	0.17695539	0.20113637	0.11151068	0.20490173
64	25	128	0.63732052	0.77093967	0.39949429	0.79168151
64	29	2	0.00118861	0.00087041	0.00107927	0.00086995
64	29	4	0.00252556	0.00193871	0.00218338	0.00197378
64	29	8	0.00633151	0.00534082	0.00482492	0.00539471
64	29	16	0.01789225	0.01652363	0.01227025	0.01692359
64	29	32	0.05761869	0.05724738	0.03603422	0.05858791
64	29	64	0.20089890	0.21156511	0.11920153	0.21669200
64	29	128	0.75126119	0.80729166	0.42355694	0.83482945
64	33	2	0.00139060	0.00108780	0.00130037	0.00109888
64	33	4	0.00300427	0.00241465	0.00259875	0.00254014
64	33	8	0.00744098	0.00639507	0.00589237	0.00650762
64	33	16	0.02078816	0.01953497	0.01522903	0.01983526
64	33	32	0.06651085	0.06620135	0.04514618	0.06789928
64	33	64	0.23321491	0.24324014	0.15309109	0.25251426
64	33	128	0.87788454	0.93316143	0.55572916	0.96179150
64	37	2	0.00137794	0.00106088	0.00128805	0.00107715
64	37	4	0.00302358	0.00234769	0.00252901	0.00234292
64	37	8	0.00763167	0.00617911	0.00576653	0.00635124
64	37	16	0.02209473	0.01905995	0.01520046	0.01955671
64	37	32	0.07173244	0.06530147	0.04560227	0.06793070
64	37	64	0.25728909	0.24154171	0.15409347	0.24884224
64	37	128	0.96814404	0.92536426	0.55648087	0.95791570
64	41	2	0.00135536	0.00102701	0.00123941	0.00103351
64	41	4	0.00301885	0.00223062	0.00246162	0.00222627
64	41	8	0.00786107	0.00600739	0.00578712	0.00616133
64	41	16	0.02336635	0.01840955	0.01515560	0.01915286
64	41	32	0.07779948	0.06290508	0.04502531	0.06518154
64	41	64	0.28007247	0.22892045	0.15056678	0.24026108
64	41	128	1.05011839	0.87672491	0.54651250	0.92638313
64	45	2	0.00132623	0.00098702	0.00120482	0.00099307
64	45	4	0.00317823	0.00217478	0.00247886	0.00219195
64	45	8	0.00820612	0.00572877	0.00566963	0.00585677
64	45	16	0.02461495	0.01726814	0.01476654	0.01882948
64	45	32	0.08335793	0.05872053	0.04402717	0.06190985
64	45	64	0.29923587	0.21243568	0.14553299	0.22739754
64	45	128	1.13184407	0.80794686	0.52071328	0.86065762
64	49	2	0.00130090	0.00093895	0.00115920	0.00094523
64	49	4	0.00322872	0.00210961	0.00244067	0.00211618
64	49	8	0.00850383	0.00530799	0.00554911	0.00549538
64	49	16	0.02575545	0.01563474	0.01412436	0.01654429
64	49	32	0.08694830	0.05302410	0.04154795	0.05594084
64	49	64	0.31702106	0.18712666	0.13555075	0.20357537
64	49	128	1.20613138	0.71815590	0.48320618	0.77701341
64	53	2	0.00124474	0.00087916	0.00105879	0.00083946
64	53	4	0.00312454	0.00192904	0.00230345	0.00192910
64	53	8	0.00857966	0.00466107	0.00524559	0.00493080
64	53	16	0.02646327	0.01353247	0.01325298	0.01458178
64	53	32	0.09071978	0.04392379	0.03808458	0.04856873
64	53	64	0.33832901	0.15628408	0.12294478	0.17450745
64	53	128	1.28042420	0.59518272	0.43710383	0.66709598
64	57	2	0.00119954	0.00080936	0.00104248	0.00082491
64	57	4	0.00301858	0.00168157	0.00212945	0.00170546
64	57	8	0.00876134	0.00403946	0.00491232	0.00432319
64	57	16	0.02750067	0.01100333	0.01212368	0.01225692
64	57	32	0.09482048	0.03436719	0.03393412	0.03979757
64	57	64	0.34913080	0.11793682	0.10667368	0.14017603
64	57	128	1.34804158	0.43711862	0.37112403	0.52437530
64	61	2	0.00114321	0.00073218	0.00091136	0.00069231
64	61	4	0.00289784	0.00143481	0.00193783	0.00145635
64	61	8	0.00844744	0.00315565	0.00437873	0.00350646
64	61	16	0.02805352	0.00791574	0.01059850	0.00933916
64	61	32	0.09792853	0.02248509	0.02857391	0.02862694
64	61	64	0.36359916	0.07254149	0.08680018	0.09699039
64	61	128	1.41049759	0.25710531	0.29294109	0.35577748
128	1	2	0.00622566	0.00589366	0.00621321	0.00595630
128	1	4	0.01139346	0.01108376	0.01146702	0.01089489
128	1	8	0.02120144	0.02094759	0.02175346	0.02149937
128	1	16	0.04210364	0.04262751	0.04393278	0.04331298
128	1	32	0.08312957	0.08748149	0.08322843	0.08852479
128	1	64	0.16543711	0.18766159	0.16671157	0.18350055
128	1	128	0.32924241	0.42538913	0.32553844	0.42710370
128	8	2	0.00623229	0.00577595	0.00613013	0.00571750
128	8	4	0.01132757	0.01082741	0.01129311	0.01103495
128	8	8	0.02198512	0.02258784	0.02178683	0.02303790
128	8	16	0.04368535	0.05063595	0.04191211	0.05102501
128	8	32	0.10655177	0.14323148	0.10196117	0.14036649
128	8	64	0.29035684	0.45055473	0.28313516	0.44914018
128	8	128	0.89581617	1.56130105	0.86746641	1.56336333
128	15	2	0.00624066	0.00560192	0.00604626	0.00560394
128	15	4	0.01185113	0.01101604	0.01117328	0.01114528
128	15	8	0.02256394	0.02397657	0.02196176	0.02376563
128	15	16	0.05501511	0.06616021	0.05031122	0.06528818
128	15	32	0.14793870	0.20377232	0.13451083	0.20428859
128	15	64	0.44522384	0.70070034	0.40798702	0.70874230
128	15	128	1.50540628	2.57612191	1.34631608	2.58912535
128	22	2	0.00641272	0.00560635	0.00614812	0.00561377
128	22	4	0.01232898	0.01121157	0.01154023	0.01125972
128	22	8	0.02720727	0.02833641	0.02492106	0.02815944
128	22	16	0.06700028	0.07929643	0.06007962	0.07974423
128	22	32	0.18876600	0.25863590	0.16362137	0.26063992
128	22	64	0.60143270	0.92553983	0.51367143	0.93985765
128	22	128	2.12724105	3.46719494	1.77859234	3.51117673
128	29	2	0.00649668	0.00556821	0.00615642	0.00556542
128	29	4	0.01260152	0.01138218	0.01170247	0.01115980
128	29	8	0.02963405	0.03077625	0.02580728	0.03034952
128	29	16	0.07695711	0.09204814	0.06838041	0.09159548
128	29	32	0.22955181	0.30651849	0.19205971	0.30873725
128	29	64	0.76558421	1.11319213	0.60885973	1.11064349
128	29	128	2.75133562	4.23323604	2.14685314	4.25389857
128	36	2	0.00643777	0.00539666	0.00607656	0.00538493
128	36	4	0.01394352	0.01208924	0.01254472	0.01207007
128	36	8	0.03155413	0.03095756	0.02776303	0.03088309
128	36	16	0.08529620	0.09556005	0.07042197	0.09337309
128	36	32	0.26088206	0.32082167	0.20749520	0.32066558
128	36	64	0.88755111	1.16039331	0.68383209	1.17511009
128	36	128	3.25015668	4.42493678	2.44041094	4.44655533
128	43	2	0.00673771	0.00553240	0.00605953	0.00538586
128	43	4	0.01508000	0.01312253	0.01346060	0.01303170
128	43	8	0.03598695	0.03351687	0.03023007	0.03346434
128	43	16	0.09940731	0.10516391	0.07882319	0.10483665
128	43	32	0.30671633	0.35456549	0.23033743	0.35644389
128	43	64	1.05357233	1.29306590	0.75610278	1.29922320
128	43	128	3.86757554	4.92486231	2.68912441	4.97972509
128	50	2	0.00686905	0.00549765	0.00616803	0.00534365
128	50	4	0.01545725	0.01320482	0.01357212	0.01286481
128	50	8	0.03752834	0.03424565	0.03091936	0.03434362
128	50	16	0.10844734	0.10817186	0.08089491	0.10840364
128	50	32	0.34316168	0.36976758	0.23990264	0.36977226
128	50	64	1.20427461	1.36764722	0.80049241	1.37109243
128	50	128	4.45851001	5.24428516	2.87835404	5.30585293
128	57	2	0.00690268	0.00541336	0.00629369	0.00541318
128	57	4	0.01568719	0.01329931	0.01390865	0.01299927
128	57	8	0.04110007	0.03576129	0.03214755	0.03549382
128	57	16	0.11717653	0.11073729	0.08488288	0.11141399
128	57	32	0.38015693	0.38169177	0.25333713	0.38670289
128	57	64	1.35534084	1.40756390	0.83320325	1.41733943
128	57	128	5.06758701	5.41261376	3.03338059	5.48674563
128	64	2	0.00710672	0.00541768	0.00639113	0.00541138
128	64	4	0.01576728	0.01254024	0.01344868	0.01265904
128	64	8	0.04106744	0.03476125	0.03171446	0.03454580
128	64	16	0.12236175	0.10778077	0.08378652	0.10969868
128	64	32	0.40971288	0.37754128	0.25124422	0.38604541
128	64	64	1.46417596	1.40491360	0.84563786	1.41964578
128	64	128	5.57046954	5.41793687	3.07806235	5.50680460
128	71	2	0.00778751	0.00597797	0.00697065	0.00591468
128	71	4	0.01832804	0.01358107	0.01463949	0.01358042
128	71	8	0.04697340	0.03571971	0.03383384	0.03670901
128	71	16	0.13922038	0.11199876	0.08712921	0.11287888
128	71	32	0.45837412	0.38239780	0.26202885	0.38730193
128	71	64	1.64636850	1.41198022	0.86951079	1.43996983
128	71	128	6.29747076	5.45205736	3.12450240	5.58269180
128	78	2	0.00771134	0.00582910	0.00688853	0.00578543
128	78	4	0.01833389	0.01291268	0.01441417	0.01308715
128	78	8	0.04983129	0.03522450	0.03398887	0.03574648
128	78	16	0.15212507	0.10856377	0.08734248	0.10948194
128	78	32	0.49802407	0.37325740	0.25831016	0.37729836
128	78	64	1.80275896	1.37715502	0.86411933	1.41011851
128	78	128	6.89452224	5.32044382	3.09755013	5.46707424
128	85	2	0.00773707	0.00568122	0.00681786	0.00566618
128	85	4	0.01843223	0.01265653	0.01414635	0.01267723
128	85	8	0.05060913	0.03368387	0.03334663	0.03442007
128	85	16	0.15488277	0.10357809	0.08557754	0.10534125
128	85	32	0.52861943	0.35222037	0.25270442	0.36178430
128	85	64	1.95200565	1.29589046	0.83097062	1.33292420
128	85	128	7.48570394	4.99797814	2.98684025	5.19083801
128	92	2	0.00759076	0.00544933	0.00662743	0.00547189
128	92	4	0.01981448	0.01219171	0.01449981	0.01251034
128	92	8	0.05414905	0.03245090	0.03322718	0.03281738
128	92	16	0.16776316	0.09712628	0.08488087	0.09932071
128	92	32	0.57107046	0.32448902	0.24514536	0.33677818
128	92	64	2.09558920	1.18390175	0.79729742	1.24072312
128	92	128	8.00838854	4.56259098	2.81825874	4.78429500
128	99	2	0.00787923	0.00564827	0.00687320	0.00566396
128	99	4	0.02134822	0.01316387	0.01547227	0.01339371
128	99	8	0.05927614	0.03431998	0.03534738	0.03623520
128	99	16	0.18803289	0.10319934	0.09101548	0.10670239
128	99	32	0.64259976	0.35097847	0.26392938	0.36551484
128	99	64	2.38172919	1.29126270	0.85885110	1.34918857
128	99	128	9.19304847	4.97843293	3.08014225	5.23690507
128	106	2	0.00781698	0.00531601	0.00653744	0.00527494
128	106	4	0.02078189	0.01190935	0.01454881	0.01209605
128	106	8	0.06029666	0.03049245	0.03341268	0.03115595
128	106	16	0.19183901	0.08977596	0.08426470	0.09552401
128	106	32	0.66909057	0.30117054	0.24069445	0.31239874
128	106	64	2.51625754	1.09034018	0.77035306	1.15885164
128	106	128	9.69100822	4.24962138	2.71930419	4.49922396
128	113	2	0.00734277	0.00486577	0.00616574	0.00511727
128	113	4	0.02017739	0.01052172	0.01353053	0.01072729
128	113	8	0.06214401	0.02626183	0.03151977	0.02788275
128	113	16	0.19808715	0.07364748	0.07686123	0.07793869
128	113	32	0.70342154	0.23515834	0.21124537	0.25486295
128	113	64	2.65423462	0.86086155	0.65907255	0.93905121
128	113	128	10.28001167	3.37280728	2.33079974	3.63534932
128	120	2	0.00705797	0.00437033	0.00578592	0.00437794
128	120	4	0.01956828	0.00897157	0.01269087	0.00918130
128	120	8	0.05975894	0.02072307	0.02787991	0.02188617
128	120	16	0.20341937	0.05455055	0.06760970	0.05935382
128	120	32	0.72799396	0.16840240	0.17639368	0.18451977
128	120	64	2.77999918	0.61828907	0.53834000	0.70107137
128	120	128	10.79364663	2.42759995	1.91804779	2.75208058
128	127	2	0.00666131	0.00383171	0.00534462	0.00384450
128	127	4	0.01916145	0.00733004	0.01138430	0.00747546
128	127	8	0.05962359	0.01477052	0.02463971	0.01599954
128	127	16	0.20343114	0.03292248	0.05513266	0.03815736
128	127	32	0.74874243	0.08600389	0.13449681	0.10676234
128	127	64	2.90650296	0.33042622	0.38214801	0.43190147
128	127	128	11.43693199	1.27150704	1.33245116	1.71827337
256	1	2	0.04446352	0.04363880	0.04505182	0.04339874
256	1	4	0.08428468	0.08240100	0.08599796	0.08302148
256	1	8	0.16503177	0.16297351	0.16186945	0.16096035
256	1	16	0.32088150	0.32072182	0.32570386	0.32239380
256	1	32	0.63239507	0.64727920	0.65256973	0.65717909
256	1	64	1.25894513	1.33937789	1.25795272	1.36984823
256	1	128	2.51482428	2.86950137	2.57044691	2.88646470
256	14	2	0.04388106	0.04187482	0.04399825	0.04132349
256	14	4	0.08458798	0.08357537	0.08322642	0.08212858
256	14	8	0.16730740	0.16964714	0.16444141	0.17208972
256	14	16	0.32322275	0.38305324	0.31950644	0.38117235
256	14	32	0.77985386	1.04785032	0.77165739	1.05333130
256	14	64	2.11577065	3.23139355	2.09625572	3.19401260
256	14	128	6.42061135	11.05208848	6.17434518	11.04835785
256	27	2	0.04439491	0.04149431	0.04240274	0.04099863
256	27	4	0.08471891	0.08329352	0.08302070	0.08160256
256	27	8	0.16925458	0.18237267	0.16246234	0.18073377
256	27	16	0.41504002	0.49149102	0.38323881	0.48970212
256	27	32	1.08813031	1.49877619	0.99386945	1.50481899
256	27	64	3.21780737	5.09010739	2.96974502	5.04183051
256	27	128	10.77600599	18.43824485	9.72972359	18.49060982
256	40	2	0.04477242	0.04017363	0.04320122	0.04038326
256	40	4	0.08583307	0.08232330	0.08301969	0.08369719
256	40	8	0.19028061	0.20232329	0.17484071	0.19901741
256	40	16	0.48447930	0.56157421	0.43975453	0.56599754
256	40	32	1.35791920	1.79611390	1.20708038	1.82134204
256	40	64	4.25462374	6.36261207	3.71241816	6.48961800
256	40	128	15.14633548	23.82875466	12.86386226	23.83858773
256	53	2	0.04441426	0.03961560	0.04218700	0.03979656
256	53	4	0.08938264	0.08288552	0.08182855	0.08399744
256	53	8	0.21476343	0.22512213	0.19329474	0.22284251
256	53	16	0.55721599	0.65274511	0.48191791	0.65727505
256	53	32	1.64583976	2.16738371	1.38022436	2.18827642
256	53	64	5.44080676	7.80254015	4.49023505	7.77233347
256	53	128	19.37268205	29.34499276	15.75817186	29.38932026
256	66	2	0.04500705	0.03945026	0.04201612	0.03901202
256	66	4	0.09994491	0.09073402	0.08993621	0.09030389
256	66	8	0.23322267	0.24243964	0.21007806	0.24249275
256	66	16	0.63392804	0.73046174	0.52642954	0.71935030
256	66	32	1.92528340	2.42076167	1.53895047	2.39669688
256	66	64	6.49120025	8.81128961	5.06030599	8.89629922
256	66	128	23.56186646	33.58700579	18.05435619	33.67721094
256	79	2	0.04607716	0.03954825	0.04326365	0.03887944
256	79	4	0.09994037	0.09115168	0.08989579	0.09201107
256	79	8	0.25114207	0.25067943	0.21183355	0.24876343
256	79	16	0.69379897	0.77040909	0.56481293	0.78130855
256	79	32	2.19963883	2.66833293	1.66770419	2.67985715
256	79	64	7.58089817	9.78002298	5.57840310	9.76548171
256	79	128	27.95913557	37.37211275	20.02265449	37.56280953
256	92	2	0.04685092	0.03881185	0.04299970	0.03899215
256	92	4	0.11116605	0.09785288	0.09783948	0.09514720
256	92	8	0.27210047	0.25506090	0.22087547	0.25939898
256	92	16	0.78711399	0.81445927	0.59889399	0.82077640
256	92	32	2.47814576	2.83207115	1.78432241	2.80564872
256	92	64	8.75158955	10.39192578	6.01811385	10.35977435
256	92	128	32.25582082	39.79938093	21.55146268	39.94178957
256	105	2	0.04674496	0.03832264	0.04258916	0.03794953
256	105	4	0.11272020	0.09600622	0.09733532	0.09452682
256	105	8	0.29683147	0.26563251	0.23700525	0.27094457
256	105	16	0.84866567	0.85488582	0.61666741	0.85208021
256	105	32	2.77590636	2.95209301	1.89581178	2.94343850
256	105	64	9.81324617	10.91495762	6.30270974	10.92468012
256	105	128	36.67863687	41.72254571	22.73652062	41.97788052
256	118	2	0.04852593	0.03875895	0.04365736	0.03809956
256	118	4	0.11487457	0.09485263	0.09663121	0.09371575
256	118	8	0.30846635	0.26614454	0.23579501	0.27229635
256	118	16	0.93075990	0.86681695	0.63385661	0.86270881
256	118	32	3.04413675	3.01444993	1.92672866	3.00805075
256	118	64	10.99458951	11.19813119	6.48620415	11.20441761
256	118	128	40.88414436	42.87065371	23.41888915	43.11295430
256	131	2	0.04937150	0.03913891	0.04440419	0.03854705
256	131	4	0.12494138	0.09580119	0.09809339	0.09375138
256	131	8	0.33551032	0.26560442	0.23863454	0.26627653
256	131	16	0.99619932	0.84597262	0.63689581	0.85073825
256	131	32	3.30716866	2.97141348	1.92116616	2.98658964
256	131	64	11.90308979	11.04387603	6.50024320	11.22418032
256	131	128	45.02584436	42.73471095	23.58390472	43.11254582
256	144	2	0.04837286	0.03664338	0.04239172	0.03661839
256	144	4	0.12253884	0.08888456	0.09487384	0.08956860
256	144	8	0.33372069	0.25117160	0.22849965	0.24830745
256	144	16	1.02565126	0.81082469	0.61164012	0.81682736
256	144	32	3.53199039	2.89880170	1.90670515	2.92124287
256	144	64	12.99972200	10.88969197	6.40739023	10.94327737
256	144	128	49.04897228	41.99403962	23.40113226	42.48032976
256	157	2	0.04745250	0.03448485	0.04073762	0.03439030
256	157	4	0.12119078	0.08325594	0.09081056	0.08479464
256	157	8	0.35471238	0.24379145	0.22568385	0.24201129
256	157	16	1.09723456	0.78450417	0.60273865	0.79623030
256	157	32	3.83618547	2.81418195	1.86338458	2.83546913
256	157	64	13.97334603	10.52696631	6.30896106	10.62076048
256	157	128	53.26125930	40.56630565	22.80570294	41.12697302
256	170	2	0.04789100	0.03396071	0.04034834	0.03313126
256	170	4	0.12431717	0.08038667	0.09024697	0.07956183
256	170	8	0.35724259	0.22733268	0.21951069	0.23395864
256	170	16	1.16002830	0.75085117	0.59471322	0.75207594
256	170	32	4.05123316	2.66955087	1.81141651	2.68206771
256	170	64	15.05582600	9.97438702	6.03129210	10.04964732
256	170	128	57.77836020	38.44617724	21.92659371	39.08376660
256	183	2	0.04627268	0.03096570	0.03845091	0.03093048
256	183	4	0.13198761	0.07529391	0.08971180	0.07692282
256	183	8	0.38485741	0.21681421	0.21486785	0.21816822
256	183	16	1.25421339	0.70124867	0.57896170	0.71578929
256	183	32	4.38837554	2.46895407	1.71561455	2.48617263
256	183	64	16.15681513	9.15555813	5.72305074	9.34759531
256	183	128	61.93214608	35.17801752	20.63667729	35.98662075
256	196	2	0.04549905	0.02964007	0.03771989	0.02932283
256	196	4	0.13541019	0.07287193	0.08977839	0.07341523
256	196	8	0.40139439	0.20041656	0.20967628	0.20001255
256	196	16	1.31042983	0.63007626	0.55284892	0.63815283
256	196	32	4.57066880	2.20268619	1.61215475	2.23044316
256	196	64	17.10952782	8.10288609	5.25171143	8.36159175
256	196	128	65.76974197	31.09317015	18.70234755	32.02747662
256	209	2	0.04404843	0.02702431	0.03554788	0.02681816
256	209	4	0.13332540	0.06533650	0.08511006	0.06518048
256	209	8	0.40330891	0.17457760	0.20160812	0.17712359
256	209	16	1.37299498	0.55444541	0.50907735	0.56260364
256	209	32	4.84059934	1.90078932	1.47836196	1.94558427
256	209	64	18.18077809	6.91922950	4.71099750	7.13958466
256	209	128	70.12010029	26.39863269	16.47795281	27.48402081
256	222	2	0.04284389	0.02431517	0.03342185	0.02413672
256	222	4	0.13204474	0.05657874	0.07897161	0.05629147
256	222	8	0.42141025	0.14733714	0.18243374	0.15361906
256	222	16	1.43078759	0.46272753	0.46349707	0.46666035
256	222	32	5.11368511	1.53249709	1.29412086	1.59044892
256	222	64	19.26918809	5.53498904	4.03517290	5.79681619
256	222	128	74.52257273	20.84058552	13.88947887	22.07456317
256	235	2	0.04247480	0.02344306	0.03293347	0.02326397
256	235	4	0.13141822	0.05283058	0.07677973	0.05272164
256	235	8	0.43875627	0.13742403	0.17979750	0.14078884
256	235	16	1.52392404	0.42411692	0.45045377	0.43571854
256	235	32	5.52608260	1.40683791	1.24298742	1.46905890
256	235	64	20.88329782	5.05567419	3.81225801	5.35188862
256	235	128	80.94722233	18.85525802	12.96406875	20.14081319
256	248	2	0.04018347	0.02000251	0.03017174	0.01986795
256	248	4	0.12735926	0.04149478	0.06939197	0.04193545
256	248	8	0.42897324	0.10114877	0.15822916	0.10071714
256	248	16	1.51952031	0.28385398	0.37474350	0.29236065
256	248	32	5.68775849	0.88824043	0.98157194	0.95051777
256	248	64	21.59737910	2.96160991	2.78563036	3.23630113
256	248	128	83.88541327	10.43763156	8.87866627	11.86682207
512	1	2	0.30754072	0.30311553	0.31515675	0.29858197
512	1	4	0.59769012	0.58779518	0.58403665	0.59368172
512	1	8	1.18627191	1.16829586	1.16591308	1.15763857
512	1	16	2.29814751	2.30831170	2.36046088	2.33345929
512	1	32	4.57821560	4.62529278	4.73929143	4.68576314
512	1	64	9.11896979	9.39099907	9.11662079	9.67842526
512	27	2	0.30909119	0.29471592	0.29927683	0.29344486
512	27	4	0.59765453	0.57888492	0.58707964	0.58815040
512	27	8	1.19590743	1.22262902	1.17223081	1.24603500
512	27	16	2.33171338	2.76110470	2.29896753	2.77598870
512	27	32	5.65830467	7.61421421	5.56180979	7.50822847
512	27	64	15.14415080	23.41080736	14.86759259	23.21716221
512	53	2	0.30489521	0.28517077	0.29896843	0.28096016
512	53	4	0.60308273	0.58707420	0.57674225	0.58707954
512	53	8	1.20784986	1.28393631	1.15039719	1.31360374
512	53	16	2.87036632	3.58672949	2.78437045	3.46822435
512	53	32	7.59822818	10.86924936	7.01134372	10.63277181
512	53	64	22.87512632	36.38193843	21.02373886	36.37914974
512	79	2	0.33133407	0.30328929	0.32347429	0.30505670
512	79	4	0.67520567	0.63154382	0.63497888	0.64047325
512	79	8	1.45214105	1.57518724	1.35595965	1.60739205
512	79	16	3.76789399	4.56986201	3.44158330	4.40593347
512	79	32	10.67768668	14.37546841	9.42456136	14.20926105
512	79	64	33.51257650	50.13451965	29.11962313	50.75502720
512	105	2	0.33197808	0.29828311	0.31565250	0.30195783
512	105	4	0.67656003	0.64083767	0.63688060	0.63707817
512	105	8	1.68731281	1.73592182	1.47621125	1.69854339
512	105	16	4.32651246	5.12544936	3.85295941	5.05066898
512	105	32	12.77595433	16.68832797	10.73448171	16.70972743
512	105	64	42.10675852	59.96293600	34.82304227	60.55721669
512	131	2	0.33017258	0.28452996	0.30116894	0.28812145
512	131	4	0.73026930	0.67945175	0.66869159	0.68511640
512	131	8	1.76147508	1.84144701	1.58056206	1.81452024
512	131	16	4.89868265	5.54556406	4.06670342	5.56967887
512	131	32	14.86327755	18.79785606	12.04749172	18.86295464
512	131	64	50.65406101	68.64622372	39.05696689	68.67541714
512	157	2	0.31365264	0.27467139	0.29105192	0.27273609
512	157	4	0.71483601	0.65435282	0.64243233	0.66197834
512	157	8	1.86128574	1.85872813	1.58133186	1.83017921
512	157	16	5.22135098	5.77940313	4.16196691	5.82896960
512	157	32	16.79753733	20.39610948	12.85999481	20.24691631
512	157	64	58.63056978	75.06461635	42.69509479	75.45856086
512	183	2	0.31960444	0.26856887	0.28970050	0.25792763
512	183	4	0.78649719	0.70606580	0.67283129	0.68473304
512	183	8	2.00786279	1.89571881	1.61263631	1.93894343
512	183	16	5.85546286	6.13320645	4.41957039	6.18231777
512	183	32	18.97725748	21.54609284	13.55810029	21.65391816
512	183	64	67.33718398	80.43800883	45.94682262	80.75269601
512	209	2	0.31920820	0.25660144	0.27929094	0.25536138
512	209	4	0.78377273	0.67101506	0.65557266	0.67032349
512	209	8	2.15062772	1.97596505	1.66667950	1.95450539
512	209	16	6.39169140	6.32822013	4.52199903	6.36226202
512	209	32	20.95444432	22.49245797	14.02297829	22.52017781
512	209	64	75.63877606	83.75239666	47.78640377	84.41305737
512	235	2	0.31363877	0.24792393	0.27646278	0.24659093
512	235	4	0.80833049	0.65298928	0.65636501	0.63552921
512	235	8	2.23286579	1.90729823	1.65149590	1.95951128
512	235	16	6.83998068	6.48402115	4.59999271	6.39173657
512	235	32	23.15172041	22.87426523	14.45836934	22.97858234
512	235	64	84.20548711	86.27466275	48.72431131	85.98346566
512	261	2	0.34893380	0.28095499	0.31047004	0.27869557
512	261	4	0.92463155	0.70259733	0.71311894	0.68952935
512	261	8	2.56652542	1.98273982	1.78099558	2.02818945
512	261	16	7.62931823	6.58511763	4.80216830	6.54296281
512	261	32	25.74887153	23.06251522	14.68476371	23.03675511
512	261	64	92.16248995	86.48658308	49.62006996	86.58079911
512	287	2	0.34438215	0.25973192	0.29777748	0.25890695
512	287	4	0.91728360	0.65404986	0.68726809	0.65386187
512	287	8	2.51451432	1.88457490	1.65945148	1.88430692
512	287	16	7.91977373	6.30403437	4.60209755	6.32775278
512	287	32	27.51048505	22.49102420	14.33969745	22.65524875
512	287	64	100.79977646	84.80780313	48.82627596	85.43671314
512	313	2	0.33679143	0.24687860	0.28687054	0.24128571
512	313	4	0.91307389	0.60864163	0.66670511	0.60537665
512	313	8	2.63742127	1.80974460	1.64402305	1.85394683
512	313	16	8.51641936	6.05752125	4.54561246	6.00867358
512	313	32	29.28099086	21.72416462	14.06610333	21.74554615
512	313	64	108.48416195	82.01536724	47.78713931	82.24766528
512	339	2	0.33401694	0.22932665	0.27488365	0.22788929
512	339	4	0.90574397	0.56857036	0.62487601	0.57110740
512	339	8	2.68206514	1.71975968	1.59406144	1.70669066
512	339	16	8.80168670	5.66604771	4.36174416	5.72181010
512	339	32	31.21020559	20.46126849	13.56218155	20.51850273
512	339	64	116.46857533	76.94138397	45.77369376	77.91856631
512	365	2	0.32038691	0.21232681	0.26141450	0.21112412
512	365	4	0.97567910	0.54138265	0.63441598	0.54860636
512	365	8	2.85952152	1.60739724	1.55527311	1.58251388
512	365	16	9.46418644	5.27834841	4.26773240	5.29941480
512	365	32	33.38285559	18.89279940	12.80233672	19.01387491
512	365	64	124.55795131	70.89867617	43.01935860	71.54329179
512	391	2	0.30950146	0.19607551	0.24919538	0.19478686
512	391	4	0.98200598	0.51536168	0.62123852	0.51859948
512	391	8	3.04301714	1.48974927	1.52871081	1.47537048
512	391	16	9.93892771	4.76499801	4.02539495	4.79228012
512	391	32	35.43906515	16.85434302	11.87192170	17.10377308
512	391	64	133.57515099	63.19736604	39.19790419	63.72232363
512	417	2	0.30441236	0.18087352	0.23812827	0.17706123
512	417	4	0.98507080	0.45559853	0.59209282	0.45344627
512	417	8	3.04950432	1.28055258	1.41288294	1.29120060
512	417	16	10.36473488	4.12813886	3.71023296	4.13913735
512	417	32	37.55649947	14.43337043	10.72426663	14.62000790
512	417	64	140.85950827	53.61429909	34.66657724	54.31829995
512	443	2	0.29480432	0.15601331	0.21879897	0.15378627
512	443	4	0.94244512	0.38370563	0.53821917	0.38248527
512	443	8	3.24643084	1.07230968	1.32023073	1.07221704
512	443	16	10.94710179	3.35843059	3.34011181	3.37945512
512	443	32	39.81688832	11.56323915	9.29783126	11.65765334
512	443	64	148.83231207	42.25177447	29.18092683	43.41792994
512	469	2	0.26803327	0.13588957	0.20022336	0.13555673
512	469	4	0.87965715	0.31782127	0.48462650	0.31664154
512	469	8	3.00104921	0.83740109	1.14681218	0.84635146
512	469	16	10.36937502	2.47249132	2.79555339	2.53254983
512	469	32	38.00972864	8.24809044	7.52329760	8.46392238
512	469	64	143.74519186	29.37817798	22.47382240	30.54663096
512	495	2	0.26069734	0.11990610	0.18866765	0.11842429
512	495	4	0.86488984	0.26401978	0.44815067	0.26018638
512	495	8	2.97005583	0.63844704	1.03954467	0.64723252
512	495	16	10.62662744	1.76765303	2.43299878	1.81571046
512	495	32	39.86661200	5.48617439	6.17363278	5.75001754
512	495	64	152.16825904	18.60479568	17.32687592	19.90303935
1024	1	2	2.17575792	2.12556150	2.14661327	2.10078363
1024	1	4	4.18801969	4.18371173	4.12896737	4.20647702
1024	1	8	8.38549938	8.33778601	8.29786883	8.29389186
1024	1	16	16.46608064	16.46818977	16.79958499	16.55907979
1024	1	32	32.83493591	33.16570075	32.90451318	33.38576537
1024	53	2	2.12515893	2.05186329	2.05797179	2.07117013
1024	53	4	4.27237563	4.22906111	4.10214431	4.14740762
1024	53	8	8.38868769	8.77726282	8.25169497	8.94137314
1024	53	16	17.08671443	20.14664540	16.24750784	20.24002223
1024	53	32	41.35578863	55.70437687	38.82645188	55.81239555
1024	105	2	2.13942298	2.02064320	2.06447925	2.02773358
1024	105	4	4.35008181	4.23060130	4.13837608	4.28282011
1024	105	8	8.60773134	9.46431494	8.16616379	9.32370046
1024	105	16	21.17054739	26.03344871	19.66938213	25.77580818
1024	105	32	55.61066306	79.52383867	51.48928754	78.96841928
1024	157	2	2.21967345	2.08085047	2.14135319	2.09593584
1024	157	4	4.57811818	4.45036377	4.32647775	4.52458457
1024	157	8	10.41170179	11.30834056	9.73036702	11.04108946
1024	157	16	26.43449889	31.86545329	23.50323012	31.96477630
1024	157	32	74.58867180	103.71833180	65.58652796	104.70595201
1024	209	2	2.23863470	2.05196451	2.11001600	2.02657627
1024	209	4	4.69084876	4.48346627	4.28326955	4.41778914
1024	209	8	11.77055728	12.23601337	10.47338131	12.37782860
1024	209	16	33.06773950	37.13452230	26.68320208	37.35930967
1024	209	32	91.69358598	123.69771640	76.85820549	122.94327071
1024	261	2	2.21007604	1.99317746	2.05827450	2.00019839
1024	261	4	5.07217844	4.82640601	4.64169478	4.88708758
1024	261	8	12.83862269	13.40412036	11.16711484	13.18159146
1024	261	16	34.94168170	40.71201867	28.74877015	41.03249683
1024	261	32	107.09861826	139.58815093	85.38094204	140.96118445
1024	313	2	2.20086997	1.91781486	2.00887991	1.90039251
1024	313	4	5.12505415	4.63177180	4.54506017	4.67573472
1024	313	8	13.34904143	13.46875041	11.29413044	13.54592374
1024	313	16	38.62313586	43.12771377	30.12134215	42.49923541
1024	313	32	123.30006166	149.73533353	92.22071367	150.70323336
1024	365	2	2.19814329	1.83317299	1.97691551	1.84490546
1024	365	4	5.74231654	4.91322112	4.84903641	4.99976402
1024	365	8	14.99832897	14.04983798	11.67730547	13.81537912
1024	365	16	42.99110159	45.16384357	31.58754784	45.05601572
1024	365	32	140.01815977	161.34265785	95.98442280	161.64973828
1024	417	2	2.18719513	1.76280951	1.93208718	1.77865431
1024	417	4	5.77956215	4.78194165	4.74049965	4.85819540
1024	417	8	15.88194896	14.45753639	12.07266349	14.22579149
1024	417	16	47.56786231	46.87930605	33.05495714	47.20065331
1024	417	32	156.02145361	168.15555407	100.95114791	169.36043196
1024	469	2	2.13565503	1.68916184	1.86183419	1.71196416
1024	469	4	5.57730174	4.55144421	4.52004400	4.41870252
1024	469	8	15.60683431	13.71520262	11.51485735	13.79512868
1024	469	16	49.29157503	45.99759100	33.12216260	46.43544287
1024	469	32	164.07842248	164.99366100	101.61353033	163.96122743
1024	521	2	2.39442222	1.90604285	2.11537000	1.92726143
1024	521	4	6.33628997	4.94001678	4.90789847	4.94003532
1024	521	8	17.74706619	14.45617810	12.32386485	14.30178721
1024	521	16	54.09178776	46.81655377	33.72551409	47.02915715
1024	521	32	180.71535174	177.44136226	109.80902648	179.40680555
1024	573	2	2.79296552	2.24108750	2.44053440	1.81925374
1024	573	4	6.42872806	5.03560209	4.90273369	5.34696042
1024	573	8	21.17878207	15.25432399	12.84254051	13.95807077
1024	573	16	61.82767209	47.32651933	35.03208876	46.59333811
1024	573	32	206.90074752	169.55643044	103.67194159	164.21906003
1024	625	2	2.39669688	1.83093629	2.03020721	1.81090294
1024	625	4	6.50011828	4.65500680	4.80130263	4.71263497
1024	625	8	19.74603933	14.34545943	12.52424675	14.17446583
1024	625	16	62.30550427	47.49297954	34.71816525	47.90379830
1024	625	32	218.53067547	171.75797040	114.72879822	183.42800976
1024	677	2	2.32494649	1.68326866	2.11324788	1.73350837
1024	677	4	6.50758545	4.42689973	4.66780535	4.32503716
1024	677	8	20.31543718	13.54895403	12.61326902	13.94449981
1024	677	16	69.71538993	45.13925768	33.51991570	44.28076228
1024	677	32	232.71500964	161.45060117	104.32843459	161.61590495
1024	729	2	2.22848259	1.53161286	1.83248942	1.51906612
1024	729	4	6.91252132	4.05797868	4.51574841	4.07325445
1024	729	8	20.78294290	12.24397245	11.57662179	12.10292050
1024	729	16	68.53248725	40.94900342	31.79318813	41.23163546
1024	729	32	245.52088998	148.53323794	97.67587510	148.64259851
1024	781	2	2.16302316	1.38067722	1.74150821	1.39106520
1024	781	4	7.01922891	3.77027431	4.47917059	3.81985648
1024	781	8	21.76773821	11.26695751	11.11073969	11.04654081
1024	781	16	72.91877517	36.62871095	30.16000418	36.87530206
1024	781	32	258.39831181	132.17622562	90.05097535	132.73189782
1024	833	2	2.10082147	1.23611521	1.64299375	1.24243062
1024	833	4	6.90129404	3.28285736	4.18275907	3.31817115
1024	833	8	22.11721361	9.65488379	10.24332105	9.54277699
1024	833	16	74.82509426	31.64741881	27.29411745	31.87945592
1024	833	32	287.96831286	113.23054407	81.49927914	113.78388552
1024	885	2	2.32880907	1.08363940	1.56841660	1.08277213
1024	885	4	6.71406228	2.75885730	3.83723867	2.79127346
1024	885	8	22.92792157	8.07189036	9.35012339	7.98339239
1024	885	16	78.19561913	25.51751488	24.45650003	30.02101220
1024	885	32	307.22954223	91.12638843	69.13309669	96.00189144
1024	937	2	1.86336936	0.92164106	1.38042309	0.91589800
1024	937	4	6.12127963	2.24417323	3.34665695	2.20137041
1024	937	8	21.14524440	6.12303858	8.07951490	6.12023431
1024	937	16	74.05174922	18.55910846	20.16202026	19.04473749
1024	937	32	292.21516015	62.80378291	54.34595250	64.21215078
1024	989	2	1.77796100	0.74440755	1.25780735	0.74381881
1024	989	4	6.08378479	1.63077768	3.03883225	1.67137917
1024	989	8	21.03924081	4.00798967	6.97997429	4.74972785
1024	989	16	83.50200066	10.88776309	16.75329659	11.12913599
